# THALASSA - PHYSICAL PARAMETERS
# Contains default values for the physical parameters to be used in Thalassa.
# The values of the physical parameters are taken from the STELA 3.0 propagation
# model.
# ==============================================================================

# Astronomical unit (km)
1.49598022291E+08
# Gravitational parameters of the Sun, Earth, Moon. (km^3/s^2)
1.3271244001800E+11
3.9860044144982E+05
4.9027779000000E+03
# Earth radius (reference semi major axis of Earth ellipsoid) (km)
6.37813646E+03
# Seconds per tropical day, sidereal day
8.6400000000000E+04
8.6164090530833E+04
# Drag coefficient (CD) (DISABLED AND KEPT HERE FOR BWD COMPATIBILITY. USE OELS_IC.TXT INSTEAD.)
2.2000000000000E+00
# Area-to-mass ratio (kg/m^2) (DISABLED AND KEPT HERE FOR BWD COMPATIBILITY. USE OELS_IC.TXT INSTEAD.)
1.0204081632653E-02
# Re-entry height (km)
8.0000000000000E+01
# Gravitational potential - spherical harmonics
# n m                       Cnm                      Snm
  1  0  0.00000000000000000E+00  0.00000000000000000E+00
  1  1  0.00000000000000000E+00  0.00000000000000000E+00
  2  0 -0.10826261107488972E-02  0.00000000000000000E+00
  2  1 -2.10257928166259920E-10  1.71041723998733430E-09
  2  2  1.57457394852328810E-06 -9.03874613903651100E-07
  3  0  0.25361508420093188E-05  0.00000000000000000E+00
  3  1  2.19298008521395260E-06  2.67994204424007340E-07
  3  2  3.09057987103261730E-07 -2.11430029406192000E-07
  3  3  1.00573583503370470E-07  1.97198191638981140E-07
  4  0  0.16193635251753600E-05  0.00000000000000000E+00
  4  1 -5.08819881050582800E-07 -4.48982549284929200E-07
  4  2  7.83515989043412100E-08  1.48150645197125340E-07
  4  3  5.92193052150293800E-08 -1.20114164321369110E-08
  4  4 -3.98275086528604050E-09  6.52486696015096100E-09
  5  0  0.22289177538077055E-06  0.00000000000000000E+00
  5  1 -5.35159907035942500E-08 -8.05589565010746500E-08
  5  2  1.05539452567502100E-07 -5.23066175268146300E-08
  5  3 -1.49153834399890120E-08 -7.09190205479633400E-09
  5  4 -2.29889994258429800E-09  3.87499729475374440E-10
  5  5  4.30452849401142300E-10 -1.64806063974034200E-09
  6  0 -0.54030052565874444E-06  0.00000000000000000E+00
  6  1 -5.95498987063517540E-08  2.04969401077996650E-08
  6  2  6.14809278786964250E-09 -4.65045896026979100E-08
  6  3  1.19337231152767970E-09  1.83142783342438980E-10
  6  4 -3.27180887553721940E-10 -1.78440986766777680E-09
  6  5 -2.15596998175908040E-10 -4.32949214597265900E-10
  6  6  2.20166967676734540E-12 -5.52898532225177600E-11
  7  0  0.36062769005142777E-06  0.00000000000000000E+00
  7  1  2.04579232483885270E-07  6.88682995756525000E-08
  7  2  3.29236456008551800E-08  9.24882109962778300E-09
  7  3  3.51027844109090450E-09 -3.07292066161126500E-09
  7  4 -5.84435766316767200E-10 -2.63595579307789400E-10
  7  5  6.65483718822662500E-13  6.40132886359319950E-12
  7  6 -2.49019995881171530E-11  1.05366085647820800E-11
  7  7  2.88239698529975000E-14  4.49551039511791030E-13
  8  0  0.20807048979064489E-06  0.00000000000000000E+00
  8  1  1.58922880271757420E-08  4.09001532399002200E-08
  8  2  6.42127904890948100E-09  5.37227828507755100E-09
  8  3 -1.97440085986339800E-10 -8.73567796894368300E-10
  8  4 -3.17965764411949000E-10  9.17989000962335100E-11
  8  5 -4.62418147525667200E-12  1.61021346705813630E-11
  8  6 -1.84392235699619970E-12  8.63558168810188800E-12
  8  7  3.42512486000411000E-13  3.82007363068803000E-13
  8  8 -1.58095751117306490E-13  1.53706631972446570E-13
  9  0  0.11423641514139811E-06  0.00000000000000000E+00
  9  1  9.40824601389203100E-08  1.50919615615569280E-08
  9  2  1.47720113215616900E-09 -2.23862643388829250E-09
  9  3 -1.19545047308648850E-09 -5.47783550322838200E-10
  9  4 -7.19413398087669200E-12  1.73578074876734350E-11
  9  5 -1.72306328821590180E-12 -5.52476916278975350E-12
  9  6  8.28449763242083500E-13  2.94656780902717230E-12
  9  7 -2.24692502783219570E-13 -1.84271999650947860E-13
  9  8  6.14919930287609500E-14 -9.86416778535960500E-16
  9  9 -3.67971286527833250E-15  7.45631518743830000E-15
 10  0  0.23262031558643691E-06  0.00000000000000000E+00
 10  1  5.13720208929523600E-08 -8.12497065475842700E-08
 10  2 -5.38327950108033200E-09 -3.07783153023693700E-09
 10  3 -3.88139604942717400E-11 -8.88932306181140800E-10
 10  4 -5.06787584647962050E-11 -4.66572937917276200E-11
 10  5 -3.09669517243046360E-12 -3.11150510234977040E-12
 10  6 -2.60659187889630950E-13 -5.51437472998102800E-13
 10  7  7.00871260531119300E-15 -2.53350517115557000E-15
 10  8  4.65729057991267000E-15 -1.05137425295260150E-14
 10  9  2.33145229421842540E-15 -7.04295111622238200E-16
 10 10  4.18157662642952800E-16 -9.84754262985414700E-17
 11  0 -0.24092047459748041E-06  0.00000000000000000E+00
 11  1  6.38064380855020800E-09 -1.80058335191401430E-08
 11  2  1.04469596375025710E-09 -5.03544540965315950E-09
 11  3 -1.57263739161467050E-10 -6.97629285411898800E-10
 11  4 -1.65418095732769440E-11 -2.72581054916411500E-11
 11  5  1.53460038959389640E-12  2.00527744507056360E-12
 11  6 -3.92862286804354400E-15  1.33528516084217630E-13
 11  7  1.82723279492183800E-15 -3.72856854383739800E-14
 11  8 -2.95816239775024700E-16  1.16976409094241420E-15
 11  9 -1.92122326764768570E-16  2.58520567298124630E-16
 11 10 -4.95724801786939560E-17 -1.75216704808503130E-17
 11 11  9.41150104552188300E-18 -1.40741220153705880E-17
 12  0  0.21091044168889998E-06  0.00000000000000000E+00
 12  1 -2.93603035246566300E-08 -2.51190873388639600E-08
 12  2  3.96971820956794250E-10  1.47230355936883730E-09
 12  3  1.49191990320247700E-10  7.92045207720234400E-11
 12  4 -2.10392461067686870E-11  1.29494798706276600E-12
 12  5  8.63129302110010400E-13  1.78117028929496960E-13
 12  6  6.71613984754061700E-15  9.27277407432947600E-14
 12  7 -4.19770208461209800E-15  7.85900508041517000E-15
 12  8 -5.77678634963461400E-16  3.83629280530194560E-16
 12  9  1.02051052537036440E-16  6.03980020034437700E-17
 12 10 -1.83779599542967080E-18  9.28489503995503400E-18
 12 11  4.97400200425052900E-19 -2.82623108207848200E-19
 12 12 -2.16845458547476380E-20 -9.99219043568750600E-20
 13  0  0.21967959574907912E-06  0.00000000000000000E+00
 13  1 -2.46988714758214400E-08  2.33691526831656270E-08
 13  2  2.27084502748343930E-09 -2.70347312544746300E-09
 13  3 -5.44687816512030400E-11  3.04571018853344600E-10
 13  4 -2.33918574361176000E-13 -2.26667486173801500E-12
 13  5  1.04965110252658100E-12  1.22884695588197530E-12
 13  6 -5.30864765987993040E-14 -7.80007412044400700E-15
 13  7  4.95476616772710200E-16 -8.71066228096937800E-16
 13  8 -1.15598497796717940E-16 -1.15046771682499360E-16
 13  9  2.64252474406711870E-17  4.87827932875507700E-17
 13 10  4.57607908338647660E-18 -4.14069209585630007E-18
 13 11 -5.82688906166104500E-19 -6.13805161693112000E-20
 13 12 -5.82170317564101600E-20  1.64145227023122150E-19
 13 13 -2.23939258800635100E-20  2.49261200801406570E-20
 14  0 -0.16882822277732491E-06  0.00000000000000000E+00
 14  1 -1.20025049435787480E-08  1.67996884993385700E-08
 14  2 -1.06605748062405020E-09 -2.45607708617099370E-10
 14  3  8.90070842627396900E-11  6.51787702443184300E-11
 14  4  6.52300146589046700E-13 -4.10246497248536500E-12
 14  5  3.60116193127040800E-13 -2.03862360267534700E-13
 14  6 -1.80270444948160370E-14  2.55148656167221930E-15
 14  7  2.79945210918375480E-15 -1.71307484333249880E-16
 14  8 -2.09274689270236650E-16 -9.60204232698747500E-17
 14  9  1.62848478973327730E-17  1.45061662045022000E-17
 14 10  1.84617758926329660E-18 -4.73042249877795650E-20
 14 11  7.41711546372690500E-20 -1.85340431135943840E-19
 14 12  4.52102890105749140E-21 -1.67228047888554360E-20
 14 13  2.35111215030592160E-21  3.29372422000579940E-21
 14 14 -7.15870278110903900E-22 -6.61240240928540700E-23
 15  0 -0.15917867232150533E-09  0.00000000000000000E+00
 15  1  1.83604834706243510E-09  3.31082597720735030E-09
 15  2 -7.01387476894336600E-10 -8.03953272410664200E-10
 15  3  1.09321709107596110E-10  3.92612074178691400E-11
 15  4 -6.06231262842600900E-12  5.10687264313087200E-13
 15  5  1.31858537606768300E-13  9.67381511018031400E-14
 15  6  2.26260359440371230E-14 -2.54664786673354760E-14
 15  7  2.73491015212483320E-15  2.51514976805099240E-16
 15  8 -1.08330490775067540E-16  7.97171183313542700E-17
 15  9  3.47345832666238300E-18  1.02260173792645510E-17
 15 10  2.25562342759283740E-19  3.16624959967827350E-19
 15 11 -2.08335928629612540E-21  3.58448821199071500E-20
 15 12 -5.95593895354274940E-21  2.91829065995151260E-21
 15 13 -5.72442580488380600E-22 -9.21528429462702800E-23
 15 14  1.38376757611304900E-23 -6.46572400293694600E-23
 15 15 -9.19277228313109000E-24 -2.25967723245653300E-24
